04/30/2018
32.26
249.6
11.5
21.7043
05/09/2018
32.26
271.0
11.5
23.5652
05/21/2018
32.26
276.8
11.5
24.0696
05/21/2018
32.26
272.1
11.5
23.6609
06/11/2018
32.26
294.9
11.5
25.6435
06/25/2018
32.26
273.2
11.5
23.7565
07/17/2018
32.26
288.0
11.5
25.0435
08/02/2018
32.26
257.4
11.5
22.3826
08/17/2018
32.26
294.7
11.5
25.6261
09/30/2018
32.26
272.5
11.5
23.6957
12/14/2018
32.26
270.2
11.5
23.4957
12/31/2018
20.64
258.0
11.604
22.4348
03/16/2019
34.03
273.4
11.863
23.0464
05/14/2019
36.3
262.0
11.174
23.4473
05/24/2019
39.69
281.5
11.816
23.8236
06/04/2019
35.78
279.6
11.013
25.3882
06/13/2019
35.13
291.6
11.485
25.3896
06/26/2019
33.85
312.6
11.138
28.0661
07/10/2019
34.68
309.7
11.372
27.2336
07/22/2019
34.12
316.6
11.189
28.2956
08/10/2019
33.24
302.7
11.1567
27.1317
08/14/2019
34.99
315.3
11.905
26.4847
09/08/2019
33.72
268.5
11.357
23.6418
09/22/2019
32.09
238.8
9.305
25.6636
09/28/2019
23.01
222.1
6.912
32.1325
10/24/2019
31.29
275.0
11.681
23.5425
12/20/2019
37.92
273.9
11.027
24.839
02/27/2020
33.85
260.0
11.175
23.2662
03/23/2020
27.06
242.2
9.844
24.6038
04/15/2020
30.0
275.0
11.5
23.913
05/07/2020
19.08
285.1
11.571
24.6392
05/17/2020
22.64
283.1
10.436
27.1273
05/31/2020
30.94
296.0
11.6979
25.3037
06/11/2020
31.46
285.4
11.83
24.1251
06/19/2020
33.86
324.5
11.719
27.6901
07/04/2020
34.59
277.6
11.345
24.4689
07/28/2020
36.11
287.4
11.394
25.2238
08/12/2020
30.72
272.0
10.707
25.4039
10/01/2021
43.83
260.0
10.438
24.908986395861273
03/03/2022
42.67
260.0
10.779
24.120975971797012
05/30/2022
46.75
242.3
10.165
23.83669454008854
