08/13/2020
34.75
354.7
13.372
26.5256
08/18/2020
32.66
347.0
12.966
26.7623
08/26/2020
25.15
221.6
8.529
25.9819
09/01/2020
35.11
348.1
13.155
26.4614
09/06/2020
30.43
316.3
11.489
27.5307
09/15/2020
35.46
377.1
13.137
28.7052
10/03/2020
32.55
332.6
12.872
25.839
10/13/2020
35.63
377.9
13.398
28.2057
10/31/2020
31.75
311.5
12.858
24.2262
11/06/2020
18.89
208.1
8.11
25.6597
11/09/2020
29.77
370.6
13.063
28.3702
11/15/2020
31.53
334.4
12.717
26.2955
11/21/2020
24.58
348.1
12.116
28.7306
11/25/2020
22.78
246.1
9.045
27.2084
11/30/2020
28.66
265.6
10.617
25.0165
12/08/2020
30.36
331.3
12.345
26.8368
12/13/2020
29.03
335.0
11.17
29.991
12/21/2020
30.67
323.5
12.946
24.9884
12/27/2020
25.32
301.1
11.012
27.3429
12/29/2020
34.03
328.8
12.471
26.3652
01/03/2021
19.31
244.1
8.152
29.9436
01/04/2021
30.27
232.0
11.342
20.4549
01/05/2021
28.33
286.9
12.322
23.2836
01/08/2021
33.02
276.9
12.012
23.0519
01/09/2021
22.96
250.4
9.733
25.7269
01/18/2021
32.96
343.4
13.403
25.6211
01/26/2021
33.56
351.4
13.114
26.7958
01/28/2021
21.93
232.4
8.67
26.8051
02/02/2021
23.01
258.6
9.358
27.6341
02/05/2021
34.96
401.0
13.608
29.468
02/11/2021
33.33
339.6
12.973
26.1774
02/16/2021
30.37
280.7
11.296
24.8495
02/19/2021
40.42
369.4
13.256
27.8666
02/23/2021
23.14
267.9
9.149
29.2819
02/28/2021
31.04
378.5
12.94
29.2504
03/04/2021
25.85
272.4
9.72
28.0247
03/09/2021
31.86
318.1
11.631
27.3493
03/18/2021
36.25
343.2
13.14
26.1187
03/29/2020
37.17
355.2
12.954
27.4201
04/10/2021
34.51
333.0
11.904
27.9738
04/17/2021
35.57
360.5
12.186
29.5831
04/27/2021
19.9
224.8
8.471
26.5376
05/07/2021
39.08
357.6
13.073
27.3541
05/10/2021
14.47
135.0
4.99
27.0541
05/10/2021
25.61
207.1
8.005
25.8713
05/10/2021
11.69
109.0
3.702
29.4435
05/11/2021
30.99
281.2
9.715
28.9449
05/13/2021
10.65
85.0
3.37
25.2226
05/13/2021
28.8
281.7
9.028
31.2029
05/25/2021
38.59
389.5
13.311
29.2615
06/08/2021
41.01
372.0
13.362
27.8401
06/19/2021
34.27
270.8
10.294
26.3066
06/29/2021
42.85
370.1
12.873
28.7501
07/21/2021
40.2
300.0
11.932
25.14247401944351
07/31/2021
46.02
363.2
12.931
28.087541566777514
08/11/2021
48.78
375.1
13.296
28.21149217809868
08/27/2021
45.86
361.8
13.493
26.81390350552138
09/04/2021
33.84
259.1
9.198
28.1691672102631
09/15/2021
40.95
308.8
11.162
27.665292958251207
09/29/2021
42.6
374.8
12.175
30.784394250513348
10/08/2021
42.75
378.7
12.395
30.55264219443324
10/24/2021
35.18
268.3
10.199
26.306500637317384
11/01/2021
41.36
323.3
11.273
28.679144859398566
11/13/2021
42.28
301.4
11.219
26.865139495498706
11/27/2021
27.81
305.6
10.302
29.664142884876725
12/04/2021
37.66
327.1
11.768
27.795717199184228
12/12/2021
38.55
331.7
12.768
25.979010025062653
12/18/2021
40.11
353.3
12.656
27.915613147914033
12/29/2021
31.41
267.2
9.911
26.959943497124407
12/30/2021
39.55
356.2
12.21
29.17280917280917
01/04/2022
40.14
339.7
12.748
26.647317226231568
01/11/2022
33.1
291.1
10.821
26.9013954348027
01/20/2022
40.31
357.5
13.178
27.12854757929883
01/27/2022
41.15
352.2
13.407
26.26985902886552
02/02/2022
21.07
150.0
6.608
22.699757869249396
02/13/2022
43.99
367.0
13.881
26.439017361861538
02/16/2022
34.2
309.7
10.93
28.334858188472094
02/25/2022
37.8
306.59
12.357
24.811038277899165
02/28/2022
22.24
203.1
7.107
28.577458843393835
03/08/2022
48.75
351.6
12.283
28.624928763331436
03/14/2022
46.92
338.9
12.684
26.71870072532324
03/23/2022
15.6
97.4
4.001
24.343914021494626
03/23/2022
34.28
206.3
8.793
23.461844649152738
03/23/2022
31.96
194.2
7.796
24.910210364289377
03/26/2022
44.86
299.3
11.053
27.078621188817515
03/29/2022
48.48
368.1
12.433
29.606691868414703
03/31/2022
26.73
209.0
7.131
29.30865236292245
04/08/2022
52.92
383.4
13.929
27.525306913633425
04/16/2022
50.32
386.3
13.789
28.01508448763507
04/28/2022
49.99
367.2
13.334
27.538623068846558
05/08/2022
32.27
218.6
8.341
26.20788874235703
05/09/2022
28.07
159.8
6.239
25.61307901907357
05/09/2022
39.33
213.7
9.367
22.81413472830148
05/09/2022
47.44
240.7
11.325
21.253863134657838
05/10/2022
29.15
160.7
6.941
23.152283532632186
05/11/2022
48.74
317.7
12.189
26.064484371154318
05/12/2022
58.29
275.6
11.779
23.397571950080653
05/16/2022
54.96
296.2
10.863
27.26686918899015
05/13/2022
39.78
167.7
6.07
27.627677100494232
05/18/2022
49.93
276.6
9.988
27.693231878253908
05/21/2022
61.44
303.8
10.974
27.68361581920904
05/22/2022
44.41
253.1
9.069
27.908258903958536
05/22/2022
56.92
315.6
12.269
25.723367837639582
05/22/2022
42.9
262.1
9.494
27.60690962713293
05/24/2022
35.14
196.4
7.479
26.260195213263806
05/24/2022
21.49
143.9
5.082
28.31562377016923
05/24/2022
23.7
152.3
5.387
28.271765361054396
05/31/2022
51.54
339.0
12.573
26.962538773562393
06/13/2022
43.68
256.2
8.916
28.734858681022878
06/25/2022
66.56
390.0
13.95
27.956989247311828
07/01/2022
27.37
181.2
5.739
31.57344485101934
